k:  5.97 6.77 7.07 7.59 8.43 9.27 9.57 10.03 0 0 0 0 0 0 0 0 
tt:  6.5 7 7.5 8 9 9.5 
rr:  0.8 0.3 0.52 0.84 0.84 0.3 
mm:  0.333333
num_mm:  10
t_rr1:  5.5 6 6.5 7 7.5 8 8.5 9 9.5 10 
rr1:  0.8 0.398603 0.30974 0.52 0.746478 0.917128 0.998421 0.938895 0.690442 0.3 
